300
-26.0 -1.0 -30.0 -26.0 -1.0 -32.0 -26.0 1.0 -32.0 -26.0 1.0 -30.0 -1.0 0.0 0.0 -26.0
-10.0 -1.0 -30.0 -10.0 -1.0 -32.0 -10.0 1.0 -32.0 -10.0 1.0 -30.0 1.0 0.0 0.0 10.0
-4.0 -1.0 -30.0 -4.0 -1.0 -32.0 -4.0 1.0 -32.0 -4.0 1.0 -30.0 -1.0 0.0 0.0 -4.0
6.0 -1.0 -30.0 6.0 -1.0 -32.0 6.0 1.0 -32.0 6.0 1.0 -30.0 1.0 0.0 0.0 -6.0
10.0 -1.0 -30.0 10.0 -1.0 -32.0 10.0 1.0 -32.0 10.0 1.0 -30.0 -1.0 0.0 0.0 10.0
16.0 -1.0 -30.0 16.0 -1.0 -32.0 16.0 1.0 -32.0 16.0 1.0 -30.0 1.0 0.0 0.0 -16.0
-26.0 -1.0 -28.0 -26.0 -1.0 -30.0 -26.0 1.0 -30.0 -26.0 1.0 -28.0 -1.0 0.0 0.0 -26.0
-10.0 -1.0 -28.0 -10.0 -1.0 -30.0 -10.0 1.0 -30.0 -10.0 1.0 -28.0 1.0 0.0 0.0 10.0
-4.0 -1.0 -28.0 -4.0 -1.0 -30.0 -4.0 1.0 -30.0 -4.0 1.0 -28.0 -1.0 0.0 0.0 -4.0
6.0 -1.0 -28.0 6.0 -1.0 -30.0 6.0 1.0 -30.0 6.0 1.0 -28.0 1.0 0.0 0.0 -6.0
10.0 -1.0 -28.0 10.0 -1.0 -30.0 10.0 1.0 -30.0 10.0 1.0 -28.0 -1.0 0.0 0.0 10.0
16.0 -1.0 -28.0 16.0 -1.0 -30.0 16.0 1.0 -30.0 16.0 1.0 -28.0 1.0 0.0 0.0 -16.0
-26.0 -1.0 -26.0 -26.0 -1.0 -28.0 -26.0 1.0 -28.0 -26.0 1.0 -26.0 -1.0 0.0 0.0 -26.0
-22.0 -1.0 -26.0 -22.0 -1.0 -28.0 -22.0 1.0 -28.0 -22.0 1.0 -26.0 1.0 0.0 0.0 22.0
-4.0 -1.0 -26.0 -4.0 -1.0 -28.0 -4.0 1.0 -28.0 -4.0 1.0 -26.0 -1.0 0.0 0.0 -4.0
6.0 -1.0 -26.0 6.0 -1.0 -28.0 6.0 1.0 -28.0 6.0 1.0 -26.0 1.0 0.0 0.0 -6.0
14.0 -1.0 -26.0 14.0 -1.0 -28.0 14.0 1.0 -28.0 14.0 1.0 -26.0 -1.0 0.0 0.0 14.0
16.0 -1.0 -26.0 16.0 -1.0 -28.0 16.0 1.0 -28.0 16.0 1.0 -26.0 1.0 0.0 0.0 -16.0
-26.0 -1.0 -24.0 -26.0 -1.0 -26.0 -26.0 1.0 -26.0 -26.0 1.0 -24.0 -1.0 0.0 0.0 -26.0
-22.0 -1.0 -24.0 -22.0 -1.0 -26.0 -22.0 1.0 -26.0 -22.0 1.0 -24.0 1.0 0.0 0.0 22.0
-4.0 -1.0 -24.0 -4.0 -1.0 -26.0 -4.0 1.0 -26.0 -4.0 1.0 -24.0 -1.0 0.0 0.0 -4.0
6.0 -1.0 -24.0 6.0 -1.0 -26.0 6.0 1.0 -26.0 6.0 1.0 -24.0 1.0 0.0 0.0 -6.0
14.0 -1.0 -24.0 14.0 -1.0 -26.0 14.0 1.0 -26.0 14.0 1.0 -24.0 -1.0 0.0 0.0 14.0
16.0 -1.0 -24.0 16.0 -1.0 -26.0 16.0 1.0 -26.0 16.0 1.0 -24.0 1.0 0.0 0.0 -16.0
-26.0 -1.0 -22.0 -26.0 -1.0 -24.0 -26.0 1.0 -24.0 -26.0 1.0 -22.0 -1.0 0.0 0.0 -26.0
-22.0 -1.0 -22.0 -22.0 -1.0 -24.0 -22.0 1.0 -24.0 -22.0 1.0 -22.0 1.0 0.0 0.0 22.0
-4.0 -1.0 -22.0 -4.0 -1.0 -24.0 -4.0 1.0 -24.0 -4.0 1.0 -22.0 -1.0 0.0 0.0 -4.0
6.0 -1.0 -22.0 6.0 -1.0 -24.0 6.0 1.0 -24.0 6.0 1.0 -22.0 1.0 0.0 0.0 -6.0
14.0 -1.0 -22.0 14.0 -1.0 -24.0 14.0 1.0 -24.0 14.0 1.0 -22.0 -1.0 0.0 0.0 14.0
16.0 -1.0 -22.0 16.0 -1.0 -24.0 16.0 1.0 -24.0 16.0 1.0 -22.0 1.0 0.0 0.0 -16.0
-26.0 -1.0 -20.0 -26.0 -1.0 -22.0 -26.0 1.0 -22.0 -26.0 1.0 -20.0 -1.0 0.0 0.0 -26.0
-22.0 -1.0 -20.0 -22.0 -1.0 -22.0 -22.0 1.0 -22.0 -22.0 1.0 -20.0 1.0 0.0 0.0 22.0
-16.0 -1.0 -20.0 -16.0 -1.0 -22.0 -16.0 1.0 -22.0 -16.0 1.0 -20.0 -1.0 0.0 0.0 -16.0
6.0 -1.0 -20.0 6.0 -1.0 -22.0 6.0 1.0 -22.0 6.0 1.0 -20.0 1.0 0.0 0.0 -6.0
12.0 -1.0 -20.0 12.0 -1.0 -22.0 12.0 1.0 -22.0 12.0 1.0 -20.0 -1.0 0.0 0.0 12.0
16.0 -1.0 -20.0 16.0 -1.0 -22.0 16.0 1.0 -22.0 16.0 1.0 -20.0 1.0 0.0 0.0 -16.0
-26.0 -1.0 -18.0 -26.0 -1.0 -20.0 -26.0 1.0 -20.0 -26.0 1.0 -18.0 -1.0 0.0 0.0 -26.0
-22.0 -1.0 -18.0 -22.0 -1.0 -20.0 -22.0 1.0 -20.0 -22.0 1.0 -18.0 1.0 0.0 0.0 22.0
12.0 -1.0 -18.0 12.0 -1.0 -20.0 12.0 1.0 -20.0 12.0 1.0 -18.0 -1.0 0.0 0.0 12.0
24.0 -1.0 -18.0 24.0 -1.0 -20.0 24.0 1.0 -20.0 24.0 1.0 -18.0 1.0 0.0 0.0 -24.0
-26.0 -1.0 -16.0 -26.0 -1.0 -18.0 -26.0 1.0 -18.0 -26.0 1.0 -16.0 -1.0 0.0 0.0 -26.0
-22.0 -1.0 -16.0 -22.0 -1.0 -18.0 -22.0 1.0 -18.0 -22.0 1.0 -16.0 1.0 0.0 0.0 22.0
12.0 -1.0 -16.0 12.0 -1.0 -18.0 12.0 1.0 -18.0 12.0 1.0 -16.0 -1.0 0.0 0.0 12.0
24.0 -1.0 -16.0 24.0 -1.0 -18.0 24.0 1.0 -18.0 24.0 1.0 -16.0 1.0 0.0 0.0 -24.0
-26.0 -1.0 -14.0 -26.0 -1.0 -16.0 -26.0 1.0 -16.0 -26.0 1.0 -14.0 -1.0 0.0 0.0 -26.0
-22.0 -1.0 -14.0 -22.0 -1.0 -16.0 -22.0 1.0 -16.0 -22.0 1.0 -14.0 1.0 0.0 0.0 22.0
-26.0 -1.0 -12.0 -26.0 -1.0 -14.0 -26.0 1.0 -14.0 -26.0 1.0 -12.0 -1.0 0.0 0.0 -26.0
-22.0 -1.0 -12.0 -22.0 -1.0 -14.0 -22.0 1.0 -14.0 -22.0 1.0 -12.0 1.0 0.0 0.0 22.0
-16.0 -1.0 -12.0 -16.0 -1.0 -14.0 -16.0 1.0 -14.0 -16.0 1.0 -12.0 -1.0 0.0 0.0 -16.0
-4.0 -1.0 -12.0 -4.0 -1.0 -14.0 -4.0 1.0 -14.0 -4.0 1.0 -12.0 1.0 0.0 0.0 4.0
2.0 -1.0 -12.0 2.0 -1.0 -14.0 2.0 1.0 -14.0 2.0 1.0 -12.0 -1.0 0.0 0.0 2.0
6.0 -1.0 -12.0 6.0 -1.0 -14.0 6.0 1.0 -14.0 6.0 1.0 -12.0 1.0 0.0 0.0 -6.0
12.0 -1.0 -12.0 12.0 -1.0 -14.0 12.0 1.0 -14.0 12.0 1.0 -12.0 -1.0 0.0 0.0 12.0
26.0 -1.0 -12.0 26.0 -1.0 -14.0 26.0 1.0 -14.0 26.0 1.0 -12.0 1.0 0.0 0.0 -26.0
-26.0 -1.0 -10.0 -26.0 -1.0 -12.0 -26.0 1.0 -12.0 -26.0 1.0 -10.0 -1.0 0.0 0.0 -26.0
-22.0 -1.0 -10.0 -22.0 -1.0 -12.0 -22.0 1.0 -12.0 -22.0 1.0 -10.0 1.0 0.0 0.0 22.0
-16.0 -1.0 -10.0 -16.0 -1.0 -12.0 -16.0 1.0 -12.0 -16.0 1.0 -10.0 -1.0 0.0 0.0 -16.0
-4.0 -1.0 -10.0 -4.0 -1.0 -12.0 -4.0 1.0 -12.0 -4.0 1.0 -10.0 1.0 0.0 0.0 4.0
2.0 -1.0 -10.0 2.0 -1.0 -12.0 2.0 1.0 -12.0 2.0 1.0 -10.0 -1.0 0.0 0.0 2.0
6.0 -1.0 -10.0 6.0 -1.0 -12.0 6.0 1.0 -12.0 6.0 1.0 -10.0 1.0 0.0 0.0 -6.0
12.0 -1.0 -10.0 12.0 -1.0 -12.0 12.0 1.0 -12.0 12.0 1.0 -10.0 -1.0 0.0 0.0 12.0
18.0 -1.0 -10.0 18.0 -1.0 -12.0 18.0 1.0 -12.0 18.0 1.0 -10.0 1.0 0.0 0.0 -18.0
-26.0 -1.0 -8.0 -26.0 -1.0 -10.0 -26.0 1.0 -10.0 -26.0 1.0 -8.0 -1.0 0.0 0.0 -26.0
-22.0 -1.0 -8.0 -22.0 -1.0 -10.0 -22.0 1.0 -10.0 -22.0 1.0 -8.0 1.0 0.0 0.0 22.0
-16.0 -1.0 -8.0 -16.0 -1.0 -10.0 -16.0 1.0 -10.0 -16.0 1.0 -8.0 -1.0 0.0 0.0 -16.0
-14.0 -1.0 -8.0 -14.0 -1.0 -10.0 -14.0 1.0 -10.0 -14.0 1.0 -8.0 1.0 0.0 0.0 14.0
-8.0 -1.0 -8.0 -8.0 -1.0 -10.0 -8.0 1.0 -10.0 -8.0 1.0 -8.0 -1.0 0.0 0.0 -8.0
-4.0 -1.0 -8.0 -4.0 -1.0 -10.0 -4.0 1.0 -10.0 -4.0 1.0 -8.0 1.0 0.0 0.0 4.0
2.0 -1.0 -8.0 2.0 -1.0 -10.0 2.0 1.0 -10.0 2.0 1.0 -8.0 -1.0 0.0 0.0 2.0
6.0 -1.0 -8.0 6.0 -1.0 -10.0 6.0 1.0 -10.0 6.0 1.0 -8.0 1.0 0.0 0.0 -6.0
12.0 -1.0 -8.0 12.0 -1.0 -10.0 12.0 1.0 -10.0 12.0 1.0 -8.0 -1.0 0.0 0.0 12.0
14.0 -1.0 -8.0 14.0 -1.0 -10.0 14.0 1.0 -10.0 14.0 1.0 -8.0 1.0 0.0 0.0 -14.0
-26.0 -1.0 -6.0 -26.0 -1.0 -8.0 -26.0 1.0 -8.0 -26.0 1.0 -6.0 -1.0 0.0 0.0 -26.0
-22.0 -1.0 -6.0 -22.0 -1.0 -8.0 -22.0 1.0 -8.0 -22.0 1.0 -6.0 1.0 0.0 0.0 22.0
-16.0 -1.0 -6.0 -16.0 -1.0 -8.0 -16.0 1.0 -8.0 -16.0 1.0 -6.0 -1.0 0.0 0.0 -16.0
-14.0 -1.0 -6.0 -14.0 -1.0 -8.0 -14.0 1.0 -8.0 -14.0 1.0 -6.0 1.0 0.0 0.0 14.0
-8.0 -1.0 -6.0 -8.0 -1.0 -8.0 -8.0 1.0 -8.0 -8.0 1.0 -6.0 -1.0 0.0 0.0 -8.0
-4.0 -1.0 -6.0 -4.0 -1.0 -8.0 -4.0 1.0 -8.0 -4.0 1.0 -6.0 1.0 0.0 0.0 4.0
2.0 -1.0 -6.0 2.0 -1.0 -8.0 2.0 1.0 -8.0 2.0 1.0 -6.0 -1.0 0.0 0.0 2.0
6.0 -1.0 -6.0 6.0 -1.0 -8.0 6.0 1.0 -8.0 6.0 1.0 -6.0 1.0 0.0 0.0 -6.0
12.0 -1.0 -6.0 12.0 -1.0 -8.0 12.0 1.0 -8.0 12.0 1.0 -6.0 -1.0 0.0 0.0 12.0
14.0 -1.0 -6.0 14.0 -1.0 -8.0 14.0 1.0 -8.0 14.0 1.0 -6.0 1.0 0.0 0.0 -14.0
-26.0 -1.0 -4.0 -26.0 -1.0 -6.0 -26.0 1.0 -6.0 -26.0 1.0 -4.0 -1.0 0.0 0.0 -26.0
-22.0 -1.0 -4.0 -22.0 -1.0 -6.0 -22.0 1.0 -6.0 -22.0 1.0 -4.0 1.0 0.0 0.0 22.0
-16.0 -1.0 -4.0 -16.0 -1.0 -6.0 -16.0 1.0 -6.0 -16.0 1.0 -4.0 -1.0 0.0 0.0 -16.0
-14.0 -1.0 -4.0 -14.0 -1.0 -6.0 -14.0 1.0 -6.0 -14.0 1.0 -4.0 1.0 0.0 0.0 14.0
-8.0 -1.0 -4.0 -8.0 -1.0 -6.0 -8.0 1.0 -6.0 -8.0 1.0 -4.0 -1.0 0.0 0.0 -8.0
-4.0 -1.0 -4.0 -4.0 -1.0 -6.0 -4.0 1.0 -6.0 -4.0 1.0 -4.0 1.0 0.0 0.0 4.0
2.0 -1.0 -4.0 2.0 -1.0 -6.0 2.0 1.0 -6.0 2.0 1.0 -4.0 -1.0 0.0 0.0 2.0
6.0 -1.0 -4.0 6.0 -1.0 -6.0 6.0 1.0 -6.0 6.0 1.0 -4.0 1.0 0.0 0.0 -6.0
12.0 -1.0 -4.0 12.0 -1.0 -6.0 12.0 1.0 -6.0 12.0 1.0 -4.0 -1.0 0.0 0.0 12.0
14.0 -1.0 -4.0 14.0 -1.0 -6.0 14.0 1.0 -6.0 14.0 1.0 -4.0 1.0 0.0 0.0 -14.0
-26.0 -1.0 -2.0 -26.0 -1.0 -4.0 -26.0 1.0 -4.0 -26.0 1.0 -2.0 -1.0 0.0 0.0 -26.0
-22.0 -1.0 -2.0 -22.0 -1.0 -4.0 -22.0 1.0 -4.0 -22.0 1.0 -2.0 1.0 0.0 0.0 22.0
-16.0 -1.0 -2.0 -16.0 -1.0 -4.0 -16.0 1.0 -4.0 -16.0 1.0 -2.0 -1.0 0.0 0.0 -16.0
-14.0 -1.0 -2.0 -14.0 -1.0 -4.0 -14.0 1.0 -4.0 -14.0 1.0 -2.0 1.0 0.0 0.0 14.0
-8.0 -1.0 -2.0 -8.0 -1.0 -4.0 -8.0 1.0 -4.0 -8.0 1.0 -2.0 -1.0 0.0 0.0 -8.0
-4.0 -1.0 -2.0 -4.0 -1.0 -4.0 -4.0 1.0 -4.0 -4.0 1.0 -2.0 1.0 0.0 0.0 4.0
2.0 -1.0 -2.0 2.0 -1.0 -4.0 2.0 1.0 -4.0 2.0 1.0 -2.0 -1.0 0.0 0.0 2.0
6.0 -1.0 -2.0 6.0 -1.0 -4.0 6.0 1.0 -4.0 6.0 1.0 -2.0 1.0 0.0 0.0 -6.0
12.0 -1.0 -2.0 12.0 -1.0 -4.0 12.0 1.0 -4.0 12.0 1.0 -2.0 -1.0 0.0 0.0 12.0
14.0 -1.0 -2.0 14.0 -1.0 -4.0 14.0 1.0 -4.0 14.0 1.0 -2.0 1.0 0.0 0.0 -14.0
-26.0 -1.0 0.0 -26.0 -1.0 -2.0 -26.0 1.0 -2.0 -26.0 1.0 0.0 -1.0 0.0 0.0 -26.0
-22.0 -1.0 0.0 -22.0 -1.0 -2.0 -22.0 1.0 -2.0 -22.0 1.0 0.0 1.0 0.0 0.0 22.0
-16.0 -1.0 0.0 -16.0 -1.0 -2.0 -16.0 1.0 -2.0 -16.0 1.0 0.0 -1.0 0.0 0.0 -16.0
-14.0 -1.0 0.0 -14.0 -1.0 -2.0 -14.0 1.0 -2.0 -14.0 1.0 0.0 1.0 0.0 0.0 14.0
-8.0 -1.0 0.0 -8.0 -1.0 -2.0 -8.0 1.0 -2.0 -8.0 1.0 0.0 -1.0 0.0 0.0 -8.0
-4.0 -1.0 0.0 -4.0 -1.0 -2.0 -4.0 1.0 -2.0 -4.0 1.0 0.0 1.0 0.0 0.0 4.0
2.0 -1.0 0.0 2.0 -1.0 -2.0 2.0 1.0 -2.0 2.0 1.0 0.0 -1.0 0.0 0.0 2.0
6.0 -1.0 0.0 6.0 -1.0 -2.0 6.0 1.0 -2.0 6.0 1.0 0.0 1.0 0.0 0.0 -6.0
12.0 -1.0 0.0 12.0 -1.0 -2.0 12.0 1.0 -2.0 12.0 1.0 0.0 -1.0 0.0 0.0 12.0
14.0 -1.0 0.0 14.0 -1.0 -2.0 14.0 1.0 -2.0 14.0 1.0 0.0 1.0 0.0 0.0 -14.0
-26.0 -1.0 2.0 -26.0 -1.0 0.0 -26.0 1.0 0.0 -26.0 1.0 2.0 -1.0 0.0 0.0 -26.0
-22.0 -1.0 2.0 -22.0 -1.0 0.0 -22.0 1.0 0.0 -22.0 1.0 2.0 1.0 0.0 0.0 22.0
-16.0 -1.0 2.0 -16.0 -1.0 0.0 -16.0 1.0 0.0 -16.0 1.0 2.0 -1.0 0.0 0.0 -16.0
-14.0 -1.0 2.0 -14.0 -1.0 0.0 -14.0 1.0 0.0 -14.0 1.0 2.0 1.0 0.0 0.0 14.0
-8.0 -1.0 2.0 -8.0 -1.0 0.0 -8.0 1.0 0.0 -8.0 1.0 2.0 -1.0 0.0 0.0 -8.0
-4.0 -1.0 2.0 -4.0 -1.0 0.0 -4.0 1.0 0.0 -4.0 1.0 2.0 1.0 0.0 0.0 4.0
2.0 -1.0 2.0 2.0 -1.0 0.0 2.0 1.0 0.0 2.0 1.0 2.0 -1.0 0.0 0.0 2.0
6.0 -1.0 2.0 6.0 -1.0 0.0 6.0 1.0 0.0 6.0 1.0 2.0 1.0 0.0 0.0 -6.0
12.0 -1.0 2.0 12.0 -1.0 0.0 12.0 1.0 0.0 12.0 1.0 2.0 -1.0 0.0 0.0 12.0
14.0 -1.0 2.0 14.0 -1.0 0.0 14.0 1.0 0.0 14.0 1.0 2.0 1.0 0.0 0.0 -14.0
-26.0 -1.0 4.0 -26.0 -1.0 2.0 -26.0 1.0 2.0 -26.0 1.0 4.0 -1.0 0.0 0.0 -26.0
-22.0 -1.0 4.0 -22.0 -1.0 2.0 -22.0 1.0 2.0 -22.0 1.0 4.0 1.0 0.0 0.0 22.0
-8.0 -1.0 4.0 -8.0 -1.0 2.0 -8.0 1.0 2.0 -8.0 1.0 4.0 -1.0 0.0 0.0 -8.0
-4.0 -1.0 4.0 -4.0 -1.0 2.0 -4.0 1.0 2.0 -4.0 1.0 4.0 1.0 0.0 0.0 4.0
-26.0 -1.0 6.0 -26.0 -1.0 4.0 -26.0 1.0 4.0 -26.0 1.0 6.0 -1.0 0.0 0.0 -26.0
-22.0 -1.0 6.0 -22.0 -1.0 4.0 -22.0 1.0 4.0 -22.0 1.0 6.0 1.0 0.0 0.0 22.0
-8.0 -1.0 6.0 -8.0 -1.0 4.0 -8.0 1.0 4.0 -8.0 1.0 6.0 -1.0 0.0 0.0 -8.0
-4.0 -1.0 6.0 -4.0 -1.0 4.0 -4.0 1.0 4.0 -4.0 1.0 6.0 1.0 0.0 0.0 4.0
-26.0 -1.0 8.0 -26.0 -1.0 6.0 -26.0 1.0 6.0 -26.0 1.0 8.0 -1.0 0.0 0.0 -26.0
-22.0 -1.0 8.0 -22.0 -1.0 6.0 -22.0 1.0 6.0 -22.0 1.0 8.0 1.0 0.0 0.0 22.0
-8.0 -1.0 8.0 -8.0 -1.0 6.0 -8.0 1.0 6.0 -8.0 1.0 8.0 -1.0 0.0 0.0 -8.0
-4.0 -1.0 8.0 -4.0 -1.0 6.0 -4.0 1.0 6.0 -4.0 1.0 8.0 1.0 0.0 0.0 4.0
-26.0 -1.0 10.0 -26.0 -1.0 8.0 -26.0 1.0 8.0 -26.0 1.0 10.0 -1.0 0.0 0.0 -26.0
-22.0 -1.0 10.0 -22.0 -1.0 8.0 -22.0 1.0 8.0 -22.0 1.0 10.0 1.0 0.0 0.0 22.0
-8.0 -1.0 10.0 -8.0 -1.0 8.0 -8.0 1.0 8.0 -8.0 1.0 10.0 -1.0 0.0 0.0 -8.0
-4.0 -1.0 10.0 -4.0 -1.0 8.0 -4.0 1.0 8.0 -4.0 1.0 10.0 1.0 0.0 0.0 4.0
-26.0 -1.0 12.0 -26.0 -1.0 10.0 -26.0 1.0 10.0 -26.0 1.0 12.0 -1.0 0.0 0.0 -26.0
-16.0 -1.0 12.0 -16.0 -1.0 10.0 -16.0 1.0 10.0 -16.0 1.0 12.0 1.0 0.0 0.0 16.0
-12.0 -1.0 12.0 -12.0 -1.0 10.0 -12.0 1.0 10.0 -12.0 1.0 12.0 -1.0 0.0 0.0 -12.0
-4.0 -1.0 12.0 -4.0 -1.0 10.0 -4.0 1.0 10.0 -4.0 1.0 12.0 1.0 0.0 0.0 4.0
-26.0 -1.0 14.0 -26.0 -1.0 12.0 -26.0 1.0 12.0 -26.0 1.0 14.0 -1.0 0.0 0.0 -26.0
-22.0 -1.0 14.0 -22.0 -1.0 12.0 -22.0 1.0 12.0 -22.0 1.0 14.0 1.0 0.0 0.0 22.0
-8.0 -1.0 14.0 -8.0 -1.0 12.0 -8.0 1.0 12.0 -8.0 1.0 14.0 -1.0 0.0 0.0 -8.0
-4.0 -1.0 14.0 -4.0 -1.0 12.0 -4.0 1.0 12.0 -4.0 1.0 14.0 1.0 0.0 0.0 4.0
-26.0 -1.0 16.0 -26.0 -1.0 14.0 -26.0 1.0 14.0 -26.0 1.0 16.0 -1.0 0.0 0.0 -26.0
-22.0 -1.0 16.0 -22.0 -1.0 14.0 -22.0 1.0 14.0 -22.0 1.0 16.0 1.0 0.0 0.0 22.0
-8.0 -1.0 16.0 -8.0 -1.0 14.0 -8.0 1.0 14.0 -8.0 1.0 16.0 -1.0 0.0 0.0 -8.0
-4.0 -1.0 16.0 -4.0 -1.0 14.0 -4.0 1.0 14.0 -4.0 1.0 16.0 1.0 0.0 0.0 4.0
-26.0 -1.0 18.0 -26.0 -1.0 16.0 -26.0 1.0 16.0 -26.0 1.0 18.0 -1.0 0.0 0.0 -26.0
-22.0 -1.0 18.0 -22.0 -1.0 16.0 -22.0 1.0 16.0 -22.0 1.0 18.0 1.0 0.0 0.0 22.0
-18.0 -1.0 18.0 -18.0 -1.0 16.0 -18.0 1.0 16.0 -18.0 1.0 18.0 -1.0 0.0 0.0 -18.0
-4.0 -1.0 18.0 -4.0 -1.0 16.0 -4.0 1.0 16.0 -4.0 1.0 18.0 1.0 0.0 0.0 4.0
-26.0 -1.0 20.0 -26.0 -1.0 18.0 -26.0 1.0 18.0 -26.0 1.0 20.0 -1.0 0.0 0.0 -26.0
-22.0 -1.0 20.0 -22.0 -1.0 18.0 -22.0 1.0 18.0 -22.0 1.0 20.0 1.0 0.0 0.0 22.0
-8.0 -1.0 20.0 -8.0 -1.0 18.0 -8.0 1.0 18.0 -8.0 1.0 20.0 -1.0 0.0 0.0 -8.0
-4.0 -1.0 20.0 -4.0 -1.0 18.0 -4.0 1.0 18.0 -4.0 1.0 20.0 1.0 0.0 0.0 4.0
-26.0 -1.0 22.0 -26.0 -1.0 20.0 -26.0 1.0 20.0 -26.0 1.0 22.0 -1.0 0.0 0.0 -26.0
-22.0 -1.0 22.0 -22.0 -1.0 20.0 -22.0 1.0 20.0 -22.0 1.0 22.0 1.0 0.0 0.0 22.0
-8.0 -1.0 22.0 -8.0 -1.0 20.0 -8.0 1.0 20.0 -8.0 1.0 22.0 -1.0 0.0 0.0 -8.0
-4.0 -1.0 22.0 -4.0 -1.0 20.0 -4.0 1.0 20.0 -4.0 1.0 22.0 1.0 0.0 0.0 4.0
-26.0 -1.0 24.0 -26.0 -1.0 22.0 -26.0 1.0 22.0 -26.0 1.0 24.0 -1.0 0.0 0.0 -26.0
-12.0 -1.0 24.0 -12.0 -1.0 22.0 -12.0 1.0 22.0 -12.0 1.0 24.0 1.0 0.0 0.0 12.0
-8.0 -1.0 24.0 -8.0 -1.0 22.0 -8.0 1.0 22.0 -8.0 1.0 24.0 -1.0 0.0 0.0 -8.0
-4.0 -1.0 24.0 -4.0 -1.0 22.0 -4.0 1.0 22.0 -4.0 1.0 24.0 1.0 0.0 0.0 4.0
-26.0 -1.0 26.0 -26.0 -1.0 24.0 -26.0 1.0 24.0 -26.0 1.0 26.0 -1.0 0.0 0.0 -26.0
-22.0 -1.0 26.0 -22.0 -1.0 24.0 -22.0 1.0 24.0 -22.0 1.0 26.0 1.0 0.0 0.0 22.0
-8.0 -1.0 26.0 -8.0 -1.0 24.0 -8.0 1.0 24.0 -8.0 1.0 26.0 -1.0 0.0 0.0 -8.0
-4.0 -1.0 26.0 -4.0 -1.0 24.0 -4.0 1.0 24.0 -4.0 1.0 26.0 1.0 0.0 0.0 4.0
-26.0 -1.0 28.0 -26.0 -1.0 26.0 -26.0 1.0 26.0 -26.0 1.0 28.0 -1.0 0.0 0.0 -26.0
-4.0 -1.0 28.0 -4.0 -1.0 26.0 -4.0 1.0 26.0 -4.0 1.0 28.0 1.0 0.0 0.0 4.0
-24.0 -1.0 -32.0 -26.0 -1.0 -32.0 -26.0 1.0 -32.0 -24.0 1.0 -32.0 0.0 0.0 -1.0 -32.0
-24.0 -1.0 28.0 -26.0 -1.0 28.0 -26.0 1.0 28.0 -24.0 1.0 28.0 0.0 0.0 1.0 -28.0
-22.0 -1.0 -32.0 -24.0 -1.0 -32.0 -24.0 1.0 -32.0 -22.0 1.0 -32.0 0.0 0.0 -1.0 -32.0
-22.0 -1.0 28.0 -24.0 -1.0 28.0 -24.0 1.0 28.0 -22.0 1.0 28.0 0.0 0.0 1.0 -28.0
-20.0 -1.0 -32.0 -22.0 -1.0 -32.0 -22.0 1.0 -32.0 -20.0 1.0 -32.0 0.0 0.0 -1.0 -32.0
-20.0 -1.0 -28.0 -22.0 -1.0 -28.0 -22.0 1.0 -28.0 -20.0 1.0 -28.0 0.0 0.0 1.0 28.0
-20.0 -1.0 10.0 -22.0 -1.0 10.0 -22.0 1.0 10.0 -20.0 1.0 10.0 0.0 0.0 -1.0 10.0
-20.0 -1.0 12.0 -22.0 -1.0 12.0 -22.0 1.0 12.0 -20.0 1.0 12.0 0.0 0.0 1.0 -12.0
-20.0 -1.0 22.0 -22.0 -1.0 22.0 -22.0 1.0 22.0 -20.0 1.0 22.0 0.0 0.0 -1.0 22.0
-20.0 -1.0 24.0 -22.0 -1.0 24.0 -22.0 1.0 24.0 -20.0 1.0 24.0 0.0 0.0 1.0 -24.0
-20.0 -1.0 26.0 -22.0 -1.0 26.0 -22.0 1.0 26.0 -20.0 1.0 26.0 0.0 0.0 -1.0 26.0
-20.0 -1.0 28.0 -22.0 -1.0 28.0 -22.0 1.0 28.0 -20.0 1.0 28.0 0.0 0.0 1.0 -28.0
-18.0 -1.0 -32.0 -20.0 -1.0 -32.0 -20.0 1.0 -32.0 -18.0 1.0 -32.0 0.0 0.0 -1.0 -32.0
-18.0 -1.0 -28.0 -20.0 -1.0 -28.0 -20.0 1.0 -28.0 -18.0 1.0 -28.0 0.0 0.0 1.0 28.0
-18.0 -1.0 10.0 -20.0 -1.0 10.0 -20.0 1.0 10.0 -18.0 1.0 10.0 0.0 0.0 -1.0 10.0
-18.0 -1.0 12.0 -20.0 -1.0 12.0 -20.0 1.0 12.0 -18.0 1.0 12.0 0.0 0.0 1.0 -12.0
-18.0 -1.0 22.0 -20.0 -1.0 22.0 -20.0 1.0 22.0 -18.0 1.0 22.0 0.0 0.0 -1.0 22.0
-18.0 -1.0 24.0 -20.0 -1.0 24.0 -20.0 1.0 24.0 -18.0 1.0 24.0 0.0 0.0 1.0 -24.0
-18.0 -1.0 26.0 -20.0 -1.0 26.0 -20.0 1.0 26.0 -18.0 1.0 26.0 0.0 0.0 -1.0 26.0
-18.0 -1.0 28.0 -20.0 -1.0 28.0 -20.0 1.0 28.0 -18.0 1.0 28.0 0.0 0.0 1.0 -28.0
-16.0 -1.0 -32.0 -18.0 -1.0 -32.0 -18.0 1.0 -32.0 -16.0 1.0 -32.0 0.0 0.0 -1.0 -32.0
-16.0 -1.0 -28.0 -18.0 -1.0 -28.0 -18.0 1.0 -28.0 -16.0 1.0 -28.0 0.0 0.0 1.0 28.0
-16.0 -1.0 10.0 -18.0 -1.0 10.0 -18.0 1.0 10.0 -16.0 1.0 10.0 0.0 0.0 -1.0 10.0
-16.0 -1.0 12.0 -18.0 -1.0 12.0 -18.0 1.0 12.0 -16.0 1.0 12.0 0.0 0.0 1.0 -12.0
-16.0 -1.0 16.0 -18.0 -1.0 16.0 -18.0 1.0 16.0 -16.0 1.0 16.0 0.0 0.0 -1.0 16.0
-16.0 -1.0 18.0 -18.0 -1.0 18.0 -18.0 1.0 18.0 -16.0 1.0 18.0 0.0 0.0 1.0 -18.0
-16.0 -1.0 22.0 -18.0 -1.0 22.0 -18.0 1.0 22.0 -16.0 1.0 22.0 0.0 0.0 -1.0 22.0
-16.0 -1.0 24.0 -18.0 -1.0 24.0 -18.0 1.0 24.0 -16.0 1.0 24.0 0.0 0.0 1.0 -24.0
-16.0 -1.0 26.0 -18.0 -1.0 26.0 -18.0 1.0 26.0 -16.0 1.0 26.0 0.0 0.0 -1.0 26.0
-16.0 -1.0 28.0 -18.0 -1.0 28.0 -18.0 1.0 28.0 -16.0 1.0 28.0 0.0 0.0 1.0 -28.0
-14.0 -1.0 -32.0 -16.0 -1.0 -32.0 -16.0 1.0 -32.0 -14.0 1.0 -32.0 0.0 0.0 -1.0 -32.0
-14.0 -1.0 -28.0 -16.0 -1.0 -28.0 -16.0 1.0 -28.0 -14.0 1.0 -28.0 0.0 0.0 1.0 28.0
-14.0 -1.0 -22.0 -16.0 -1.0 -22.0 -16.0 1.0 -22.0 -14.0 1.0 -22.0 0.0 0.0 -1.0 -22.0
-14.0 -1.0 -20.0 -16.0 -1.0 -20.0 -16.0 1.0 -20.0 -14.0 1.0 -20.0 0.0 0.0 1.0 20.0
-14.0 -1.0 -14.0 -16.0 -1.0 -14.0 -16.0 1.0 -14.0 -14.0 1.0 -14.0 0.0 0.0 -1.0 -14.0
-14.0 -1.0 2.0 -16.0 -1.0 2.0 -16.0 1.0 2.0 -14.0 1.0 2.0 0.0 0.0 1.0 -2.0
-14.0 -1.0 16.0 -16.0 -1.0 16.0 -16.0 1.0 16.0 -14.0 1.0 16.0 0.0 0.0 -1.0 16.0
-14.0 -1.0 18.0 -16.0 -1.0 18.0 -16.0 1.0 18.0 -14.0 1.0 18.0 0.0 0.0 1.0 -18.0
-14.0 -1.0 22.0 -16.0 -1.0 22.0 -16.0 1.0 22.0 -14.0 1.0 22.0 0.0 0.0 -1.0 22.0
-14.0 -1.0 24.0 -16.0 -1.0 24.0 -16.0 1.0 24.0 -14.0 1.0 24.0 0.0 0.0 1.0 -24.0
-14.0 -1.0 26.0 -16.0 -1.0 26.0 -16.0 1.0 26.0 -14.0 1.0 26.0 0.0 0.0 -1.0 26.0
-14.0 -1.0 28.0 -16.0 -1.0 28.0 -16.0 1.0 28.0 -14.0 1.0 28.0 0.0 0.0 1.0 -28.0
-12.0 -1.0 -32.0 -14.0 -1.0 -32.0 -14.0 1.0 -32.0 -12.0 1.0 -32.0 0.0 0.0 -1.0 -32.0
-12.0 -1.0 -28.0 -14.0 -1.0 -28.0 -14.0 1.0 -28.0 -12.0 1.0 -28.0 0.0 0.0 1.0 28.0
-12.0 -1.0 -22.0 -14.0 -1.0 -22.0 -14.0 1.0 -22.0 -12.0 1.0 -22.0 0.0 0.0 -1.0 -22.0
-12.0 -1.0 -20.0 -14.0 -1.0 -20.0 -14.0 1.0 -20.0 -12.0 1.0 -20.0 0.0 0.0 1.0 20.0
-12.0 -1.0 -14.0 -14.0 -1.0 -14.0 -14.0 1.0 -14.0 -12.0 1.0 -14.0 0.0 0.0 -1.0 -14.0
-12.0 -1.0 -10.0 -14.0 -1.0 -10.0 -14.0 1.0 -10.0 -12.0 1.0 -10.0 0.0 0.0 1.0 10.0
-12.0 -1.0 16.0 -14.0 -1.0 16.0 -14.0 1.0 16.0 -12.0 1.0 16.0 0.0 0.0 -1.0 16.0
-12.0 -1.0 18.0 -14.0 -1.0 18.0 -14.0 1.0 18.0 -12.0 1.0 18.0 0.0 0.0 1.0 -18.0
-12.0 -1.0 22.0 -14.0 -1.0 22.0 -14.0 1.0 22.0 -12.0 1.0 22.0 0.0 0.0 -1.0 22.0
-12.0 -1.0 24.0 -14.0 -1.0 24.0 -14.0 1.0 24.0 -12.0 1.0 24.0 0.0 0.0 1.0 -24.0
-12.0 -1.0 26.0 -14.0 -1.0 26.0 -14.0 1.0 26.0 -12.0 1.0 26.0 0.0 0.0 -1.0 26.0
-12.0 -1.0 28.0 -14.0 -1.0 28.0 -14.0 1.0 28.0 -12.0 1.0 28.0 0.0 0.0 1.0 -28.0
-10.0 -1.0 -32.0 -12.0 -1.0 -32.0 -12.0 1.0 -32.0 -10.0 1.0 -32.0 0.0 0.0 -1.0 -32.0
-10.0 -1.0 -28.0 -12.0 -1.0 -28.0 -12.0 1.0 -28.0 -10.0 1.0 -28.0 0.0 0.0 1.0 28.0
-10.0 -1.0 -22.0 -12.0 -1.0 -22.0 -12.0 1.0 -22.0 -10.0 1.0 -22.0 0.0 0.0 -1.0 -22.0
-10.0 -1.0 -20.0 -12.0 -1.0 -20.0 -12.0 1.0 -20.0 -10.0 1.0 -20.0 0.0 0.0 1.0 20.0
-10.0 -1.0 -14.0 -12.0 -1.0 -14.0 -12.0 1.0 -14.0 -10.0 1.0 -14.0 0.0 0.0 -1.0 -14.0
-10.0 -1.0 -10.0 -12.0 -1.0 -10.0 -12.0 1.0 -10.0 -10.0 1.0 -10.0 0.0 0.0 1.0 10.0
-10.0 -1.0 10.0 -12.0 -1.0 10.0 -12.0 1.0 10.0 -10.0 1.0 10.0 0.0 0.0 -1.0 10.0
-10.0 -1.0 12.0 -12.0 -1.0 12.0 -12.0 1.0 12.0 -10.0 1.0 12.0 0.0 0.0 1.0 -12.0
-10.0 -1.0 16.0 -12.0 -1.0 16.0 -12.0 1.0 16.0 -10.0 1.0 16.0 0.0 0.0 -1.0 16.0
-10.0 -1.0 18.0 -12.0 -1.0 18.0 -12.0 1.0 18.0 -10.0 1.0 18.0 0.0 0.0 1.0 -18.0
-10.0 -1.0 26.0 -12.0 -1.0 26.0 -12.0 1.0 26.0 -10.0 1.0 26.0 0.0 0.0 -1.0 26.0
-10.0 -1.0 28.0 -12.0 -1.0 28.0 -12.0 1.0 28.0 -10.0 1.0 28.0 0.0 0.0 1.0 -28.0
-8.0 -1.0 -22.0 -10.0 -1.0 -22.0 -10.0 1.0 -22.0 -8.0 1.0 -22.0 0.0 0.0 -1.0 -22.0
-8.0 -1.0 -20.0 -10.0 -1.0 -20.0 -10.0 1.0 -20.0 -8.0 1.0 -20.0 0.0 0.0 1.0 20.0
-8.0 -1.0 -14.0 -10.0 -1.0 -14.0 -10.0 1.0 -14.0 -8.0 1.0 -14.0 0.0 0.0 -1.0 -14.0
-8.0 -1.0 -10.0 -10.0 -1.0 -10.0 -10.0 1.0 -10.0 -8.0 1.0 -10.0 0.0 0.0 1.0 10.0
-8.0 -1.0 10.0 -10.0 -1.0 10.0 -10.0 1.0 10.0 -8.0 1.0 10.0 0.0 0.0 -1.0 10.0
-8.0 -1.0 12.0 -10.0 -1.0 12.0 -10.0 1.0 12.0 -8.0 1.0 12.0 0.0 0.0 1.0 -12.0
-8.0 -1.0 16.0 -10.0 -1.0 16.0 -10.0 1.0 16.0 -8.0 1.0 16.0 0.0 0.0 -1.0 16.0
-8.0 -1.0 18.0 -10.0 -1.0 18.0 -10.0 1.0 18.0 -8.0 1.0 18.0 0.0 0.0 1.0 -18.0
-8.0 -1.0 26.0 -10.0 -1.0 26.0 -10.0 1.0 26.0 -8.0 1.0 26.0 0.0 0.0 -1.0 26.0
-8.0 -1.0 28.0 -10.0 -1.0 28.0 -10.0 1.0 28.0 -8.0 1.0 28.0 0.0 0.0 1.0 -28.0
-6.0 -1.0 -22.0 -8.0 -1.0 -22.0 -8.0 1.0 -22.0 -6.0 1.0 -22.0 0.0 0.0 -1.0 -22.0
-6.0 -1.0 -20.0 -8.0 -1.0 -20.0 -8.0 1.0 -20.0 -6.0 1.0 -20.0 0.0 0.0 1.0 20.0
-6.0 -1.0 -14.0 -8.0 -1.0 -14.0 -8.0 1.0 -14.0 -6.0 1.0 -14.0 0.0 0.0 -1.0 -14.0
-6.0 -1.0 28.0 -8.0 -1.0 28.0 -8.0 1.0 28.0 -6.0 1.0 28.0 0.0 0.0 1.0 -28.0
-4.0 -1.0 -22.0 -6.0 -1.0 -22.0 -6.0 1.0 -22.0 -4.0 1.0 -22.0 0.0 0.0 -1.0 -22.0
-4.0 -1.0 -20.0 -6.0 -1.0 -20.0 -6.0 1.0 -20.0 -4.0 1.0 -20.0 0.0 0.0 1.0 20.0
-4.0 -1.0 -14.0 -6.0 -1.0 -14.0 -6.0 1.0 -14.0 -4.0 1.0 -14.0 0.0 0.0 -1.0 -14.0
-4.0 -1.0 28.0 -6.0 -1.0 28.0 -6.0 1.0 28.0 -4.0 1.0 28.0 0.0 0.0 1.0 -28.0
-2.0 -1.0 -32.0 -4.0 -1.0 -32.0 -4.0 1.0 -32.0 -2.0 1.0 -32.0 0.0 0.0 -1.0 -32.0
-2.0 -1.0 -20.0 -4.0 -1.0 -20.0 -4.0 1.0 -20.0 -2.0 1.0 -20.0 0.0 0.0 1.0 20.0
0.0 -1.0 -32.0 -2.0 -1.0 -32.0 -2.0 1.0 -32.0 0.0 1.0 -32.0 0.0 0.0 -1.0 -32.0
0.0 -1.0 -20.0 -2.0 -1.0 -20.0 -2.0 1.0 -20.0 0.0 1.0 -20.0 0.0 0.0 1.0 20.0
2.0 -1.0 -32.0 0.0 -1.0 -32.0 0.0 1.0 -32.0 2.0 1.0 -32.0 0.0 0.0 -1.0 -32.0
2.0 -1.0 -20.0 0.0 -1.0 -20.0 0.0 1.0 -20.0 2.0 1.0 -20.0 0.0 0.0 1.0 20.0
4.0 -1.0 -32.0 2.0 -1.0 -32.0 2.0 1.0 -32.0 4.0 1.0 -32.0 0.0 0.0 -1.0 -32.0
4.0 -1.0 -20.0 2.0 -1.0 -20.0 2.0 1.0 -20.0 4.0 1.0 -20.0 0.0 0.0 1.0 20.0
4.0 -1.0 -14.0 2.0 -1.0 -14.0 2.0 1.0 -14.0 4.0 1.0 -14.0 0.0 0.0 -1.0 -14.0
4.0 -1.0 2.0 2.0 -1.0 2.0 2.0 1.0 2.0 4.0 1.0 2.0 0.0 0.0 1.0 -2.0
6.0 -1.0 -32.0 4.0 -1.0 -32.0 4.0 1.0 -32.0 6.0 1.0 -32.0 0.0 0.0 -1.0 -32.0
6.0 -1.0 -20.0 4.0 -1.0 -20.0 4.0 1.0 -20.0 6.0 1.0 -20.0 0.0 0.0 1.0 20.0
6.0 -1.0 -14.0 4.0 -1.0 -14.0 4.0 1.0 -14.0 6.0 1.0 -14.0 0.0 0.0 -1.0 -14.0
6.0 -1.0 2.0 4.0 -1.0 2.0 4.0 1.0 2.0 6.0 1.0 2.0 0.0 0.0 1.0 -2.0
12.0 -1.0 -32.0 10.0 -1.0 -32.0 10.0 1.0 -32.0 12.0 1.0 -32.0 0.0 0.0 -1.0 -32.0
12.0 -1.0 -28.0 10.0 -1.0 -28.0 10.0 1.0 -28.0 12.0 1.0 -28.0 0.0 0.0 1.0 28.0
14.0 -1.0 -32.0 12.0 -1.0 -32.0 12.0 1.0 -32.0 14.0 1.0 -32.0 0.0 0.0 -1.0 -32.0
14.0 -1.0 -28.0 12.0 -1.0 -28.0 12.0 1.0 -28.0 14.0 1.0 -28.0 0.0 0.0 1.0 28.0
14.0 -1.0 -22.0 12.0 -1.0 -22.0 12.0 1.0 -22.0 14.0 1.0 -22.0 0.0 0.0 -1.0 -22.0
14.0 -1.0 -16.0 12.0 -1.0 -16.0 12.0 1.0 -16.0 14.0 1.0 -16.0 0.0 0.0 1.0 16.0
14.0 -1.0 -14.0 12.0 -1.0 -14.0 12.0 1.0 -14.0 14.0 1.0 -14.0 0.0 0.0 -1.0 -14.0
14.0 -1.0 2.0 12.0 -1.0 2.0 12.0 1.0 2.0 14.0 1.0 2.0 0.0 0.0 1.0 -2.0
16.0 -1.0 -32.0 14.0 -1.0 -32.0 14.0 1.0 -32.0 16.0 1.0 -32.0 0.0 0.0 -1.0 -32.0
16.0 -1.0 -16.0 14.0 -1.0 -16.0 14.0 1.0 -16.0 16.0 1.0 -16.0 0.0 0.0 1.0 16.0
16.0 -1.0 -14.0 14.0 -1.0 -14.0 14.0 1.0 -14.0 16.0 1.0 -14.0 0.0 0.0 -1.0 -14.0
16.0 -1.0 -10.0 14.0 -1.0 -10.0 14.0 1.0 -10.0 16.0 1.0 -10.0 0.0 0.0 1.0 10.0
18.0 -1.0 -20.0 16.0 -1.0 -20.0 16.0 1.0 -20.0 18.0 1.0 -20.0 0.0 0.0 -1.0 -20.0
18.0 -1.0 -16.0 16.0 -1.0 -16.0 16.0 1.0 -16.0 18.0 1.0 -16.0 0.0 0.0 1.0 16.0
18.0 -1.0 -14.0 16.0 -1.0 -14.0 16.0 1.0 -14.0 18.0 1.0 -14.0 0.0 0.0 -1.0 -14.0
18.0 -1.0 -10.0 16.0 -1.0 -10.0 16.0 1.0 -10.0 18.0 1.0 -10.0 0.0 0.0 1.0 10.0
20.0 -1.0 -20.0 18.0 -1.0 -20.0 18.0 1.0 -20.0 20.0 1.0 -20.0 0.0 0.0 -1.0 -20.0
20.0 -1.0 -16.0 18.0 -1.0 -16.0 18.0 1.0 -16.0 20.0 1.0 -16.0 0.0 0.0 1.0 16.0
20.0 -1.0 -14.0 18.0 -1.0 -14.0 18.0 1.0 -14.0 20.0 1.0 -14.0 0.0 0.0 -1.0 -14.0
20.0 -1.0 -12.0 18.0 -1.0 -12.0 18.0 1.0 -12.0 20.0 1.0 -12.0 0.0 0.0 1.0 12.0
22.0 -1.0 -20.0 20.0 -1.0 -20.0 20.0 1.0 -20.0 22.0 1.0 -20.0 0.0 0.0 -1.0 -20.0
22.0 -1.0 -16.0 20.0 -1.0 -16.0 20.0 1.0 -16.0 22.0 1.0 -16.0 0.0 0.0 1.0 16.0
22.0 -1.0 -14.0 20.0 -1.0 -14.0 20.0 1.0 -14.0 22.0 1.0 -14.0 0.0 0.0 -1.0 -14.0
22.0 -1.0 -12.0 20.0 -1.0 -12.0 20.0 1.0 -12.0 22.0 1.0 -12.0 0.0 0.0 1.0 12.0
24.0 -1.0 -20.0 22.0 -1.0 -20.0 22.0 1.0 -20.0 24.0 1.0 -20.0 0.0 0.0 -1.0 -20.0
24.0 -1.0 -16.0 22.0 -1.0 -16.0 22.0 1.0 -16.0 24.0 1.0 -16.0 0.0 0.0 1.0 16.0
24.0 -1.0 -14.0 22.0 -1.0 -14.0 22.0 1.0 -14.0 24.0 1.0 -14.0 0.0 0.0 -1.0 -14.0
24.0 -1.0 -12.0 22.0 -1.0 -12.0 22.0 1.0 -12.0 24.0 1.0 -12.0 0.0 0.0 1.0 12.0
26.0 -1.0 -14.0 24.0 -1.0 -14.0 24.0 1.0 -14.0 26.0 1.0 -14.0 0.0 0.0 -1.0 -14.0
26.0 -1.0 -12.0 24.0 -1.0 -12.0 24.0 1.0 -12.0 26.0 1.0 -12.0 0.0 0.0 1.0 12.0
